0 0.73681
0.05 0.68961
0.1 0.65383
0.15 0.70686
0.2 1.32284
0.25 1.34745
0.3 1.27921
0.35 1.35529
0.4 1.30035
0.45 1.23707
0.5 1.23382
0.55 1.26043
0.6 0.71905
0.65 0.7308
0.7 0.72311
0.75 0.65037
0.8 0.64472
0.85 0.68882
0.9 0.73916
0.95 0.76594
1 0.72366
1.05 0.77504
1.1 0.75207
1.15 0.7319
1.2 1.33177
1.25 1.28064
1.3 1.37257
1.35 1.26165
1.4 0.76439
1.45 0.62331
1.5 0.71974
1.55 0.64566
1.6 1.33277
1.65 1.33607
1.7 1.36851
1.75 1.30229
1.8 1.31367
1.85 1.30222
1.9 1.27124
1.95 1.37153
2 0.70591
2.05 0.75626
2.1 0.71327
2.15 0.66523
2.2 0.74603
2.25 0.70558
2.3 0.67758
2.35 0.68035
2.4 0.67857
2.45 0.67403
2.5 0.76635
2.55 0.69387
2.6 1.32965
2.65 1.36854
2.7 1.367
2.75 1.22525
2.8 0.62547
2.85 0.73306
2.9 0.62915
2.95 0.76012
3 1.31826
3.05 1.28064
3.1 1.22615
3.15 1.28583
3.2 1.33136
3.25 1.24399
3.3 1.22089
3.35 1.33699
3.4 0.62695
3.45 0.67464
3.5 0.7128
3.55 0.77392
3.6 0.70702
3.65 0.75295
3.7 0.68833
3.75 0.74587
3.8 0.73669
3.85 0.77462
3.9 0.6915
3.95 0.74135
4 1.25899
4.05 1.25987
4.1 1.22227
4.15 1.33066
4.2 0.63257
4.25 0.64805
4.3 0.75686
4.35 0.62582
4.4 1.29648
4.45 1.25811
4.5 1.31444
4.55 1.34842
4.6 1.37165
4.65 1.24319
4.7 1.31023
4.75 1.28109
4.8 0.77526
4.85 0.7275
4.9 0.77744
4.95 0.65501
5 0.75276
5.05 0.64825
5.1 0.7351
5.15 0.63993
5.2 0.64383
5.25 0.70233
5.3 0.76499
5.35 0.6754
5.4 1.2491
5.45 1.2493
5.5 1.29959
5.55 1.32616
5.6 0.70568
5.65 0.70002
5.7 0.67509
5.75 0.65477
5.8 1.23055
5.85 1.37084
5.9 1.25185
5.95 1.29565
6 1.3636
6.05 1.30587
6.1 1.36079
6.15 1.27652
6.2 0.73032
6.25 0.70373
6.3 0.65266
6.35 0.71275
6.4 0.67415
6.45 0.72146
6.5 0.67462
6.55 0.7467
6.6 0.73896
6.65 0.76732
6.7 0.73929
6.75 0.71048
6.8 1.23614
6.85 1.3369
6.9 1.23816
6.95 1.33403
7 0.7469
7.05 0.76487
7.1 0.70175
7.15 0.70618
7.2 1.31016
7.25 1.34154
7.3 1.3753
7.35 1.25468
7.4 1.33072
7.45 1.30574
7.5 1.26633
7.55 1.31163
7.6 0.67468
7.65 0.71227
7.7 0.68921
7.75 0.66652
7.8 0.76973
7.85 0.73236
7.9 0.699
7.95 0.77546
8 0.63044
8.05 0.74469
8.1 0.64606
8.15 0.71057
8.2 1.24009
8.25 1.35793
8.3 1.31172
8.35 1.29827
8.4 0.65725
8.45 0.77533
8.5 0.74956
8.55 0.68694
8.6 1.29951
8.65 1.2647
8.7 1.36241
8.75 1.34812
8.8 1.28772
8.85 1.3006
8.9 1.3684
8.95 1.33565
9 0.72226
9.05 0.72456
9.1 0.66596
9.15 0.69688
9.2 0.70205
9.25 0.68813
9.3 0.74469
9.35 0.67856
9.4 0.73239
9.45 0.7213
9.5 0.76001
9.55 0.71567
9.6 1.28815
9.65 1.37816
9.7 1.28133
9.75 1.23811
9.8 0.62933
9.85 0.77122
9.9 0.63453
9.95 0.68156
END
